service_id,date,exception_type
121403,20260101,2
121403,20251225,2
121403,20251127,2
121403,20251211,1
121403,20260312,1
121403,20260108,1
121403,20260205,1
121403,20260305,1
121403,20260129,1
121403,20260226,1
121403,20260326,1
121403,20260319,1
121403,20251113,1
121403,20251016,1
121403,20251106,1
121403,20251204,1
121403,20260219,1
121403,20260122,1
121403,20251030,1
121403,20251218,1
121403,20251120,1
121403,20260212,1
121403,20260115,1
121403,20251023,1
117979,20260216,2
117979,20260119,2
117979,20251110,1
117979,20251208,1
117979,20251013,1
117979,20251103,1
117979,20251229,1
117979,20251201,1
117979,20260126,1
117979,20251222,1
117979,20251124,1
117979,20251027,1
117979,20251117,1
117979,20251215,1
117979,20260316,1
117979,20260112,1
117979,20260209,1
117979,20251020,1
117979,20260309,1
117979,20260105,1
117979,20260202,1
117979,20260302,1
117979,20260223,1
117979,20260323,1
117979,20260101,2
117979,20251225,2
117979,20251127,2
117979,20251211,1
117979,20260312,1
117979,20260108,1
117979,20260205,1
117979,20260305,1
117979,20260129,1
117979,20260226,1
117979,20260326,1
117979,20260319,1
117979,20251113,1
117979,20251016,1
117979,20251106,1
117979,20251204,1
117979,20260219,1
117979,20260122,1
117979,20251030,1
117979,20251218,1
117979,20251120,1
117979,20260212,1
117979,20260115,1
117979,20251023,1
112963,20260101,2
112963,20251225,2
112963,20251127,2
112963,20251211,1
112963,20260312,1
112963,20260108,1
112963,20260205,1
112963,20260305,1
112963,20260129,1
112963,20260226,1
112963,20260326,1
112963,20260319,1
112963,20251113,1
112963,20251106,1
112963,20251204,1
112963,20260219,1
112963,20260122,1
112963,20251030,1
112963,20251218,1
112963,20251120,1
112963,20260212,1
112963,20260115,1
109539,20260216,2
109539,20260119,2
109539,20251110,1
109539,20251208,1
109539,20251103,1
109539,20251229,1
109539,20251201,1
109539,20260126,1
109539,20251222,1
109539,20251124,1
109539,20251027,1
109539,20251117,1
109539,20251215,1
109539,20260316,1
109539,20260112,1
109539,20260209,1
109539,20260309,1
109539,20260105,1
109539,20260202,1
109539,20260302,1
109539,20260223,1
109539,20260323,1
109539,20260101,2
109539,20251225,2
109539,20251127,2
109539,20251211,1
109539,20260312,1
109539,20260108,1
109539,20260205,1
109539,20260305,1
109539,20260129,1
109539,20260226,1
109539,20260326,1
109539,20260319,1
109539,20251113,1
109539,20251106,1
109539,20251204,1
109539,20260219,1
109539,20260122,1
109539,20251030,1
109539,20251218,1
109539,20251120,1
109539,20260212,1
109539,20260115,1
107854,20260216,2
107854,20260119,2
107854,20251110,1
107854,20251208,1
107854,20251103,1
107854,20251229,1
107854,20251201,1
107854,20260126,1
107854,20251222,1
107854,20251124,1
107854,20251027,1
107854,20251117,1
107854,20251215,1
107854,20260316,1
107854,20260112,1
107854,20260209,1
107854,20260309,1
107854,20260105,1
107854,20260202,1
107854,20260302,1
107854,20260223,1
107854,20260323,1
107854,20260101,2
107854,20251225,2
107854,20251127,2
107854,20251211,1
107854,20260312,1
107854,20260108,1
107854,20260205,1
107854,20260305,1
107854,20260129,1
107854,20260226,1
107854,20260326,1
107854,20260319,1
107854,20251113,1
107854,20251106,1
107854,20251204,1
107854,20260219,1
107854,20260122,1
107854,20251030,1
107854,20251218,1
107854,20251120,1
107854,20260212,1
107854,20260115,1
107854,20251128,2
107854,20251031,1
107854,20251121,1
107854,20251219,1
107854,20260116,1
107854,20260213,1
107854,20251114,1
107854,20251212,1
107854,20260313,1
107854,20260109,1
107854,20260206,1
107854,20260306,1
107854,20260130,1
107854,20260227,1
107854,20260327,1
107854,20260320,1
107854,20251107,1
107854,20260102,1
107854,20251205,1
107854,20251226,1
107854,20260220,1
107854,20260123,1
101296,20251229,2
101296,20251222,2
101296,20260216,2
101296,20260119,2
101296,20251110,1
101296,20251208,1
101296,20251013,1
101296,20251103,1
101296,20251201,1
101296,20260126,1
101296,20251124,1
101296,20251027,1
101296,20251117,1
101296,20251215,1
101296,20260316,1
101296,20260112,1
101296,20260209,1
101296,20251020,1
101296,20260309,1
101296,20260105,1
101296,20260202,1
101296,20260302,1
101296,20260223,1
101296,20260323,1
101296,20251111,2
101296,20251230,2
101296,20251223,2
101296,20260324,1
101296,20251014,1
101296,20251104,1
101296,20251202,1
101296,20260127,1
101296,20251125,1
101296,20260120,1
101296,20260217,1
101296,20251028,1
101296,20251118,1
101296,20251216,1
101296,20260317,1
101296,20260113,1
101296,20260210,1
101296,20251021,1
101296,20251209,1
101296,20260310,1
101296,20260203,1
101296,20260106,1
101296,20260303,1
101296,20260224,1
101296,20251231,2
101296,20251224,2
101296,20260128,1
101296,20260225,1
101296,20260325,1
101296,20251112,1
101296,20251015,1
101296,20251105,1
101296,20251203,1
101296,20251126,1
101296,20260121,1
101296,20260218,1
101296,20251029,1
101296,20251217,1
101296,20251119,1
101296,20260318,1
101296,20260211,1
101296,20260114,1
101296,20251022,1
101296,20251210,1
101296,20260311,1
101296,20260204,1
101296,20260107,1
101296,20260304,1
101296,20260101,2
101296,20251225,2
101296,20251127,2
101296,20260212,2
101296,20251211,1
101296,20260312,1
101296,20260108,1
101296,20260205,1
101296,20260305,1
101296,20260129,1
101296,20260226,1
101296,20260326,1
101296,20260319,1
101296,20251113,1
101296,20251016,1
101296,20251106,1
101296,20251204,1
101296,20260219,1
101296,20260122,1
101296,20251030,1
101296,20251218,1
101296,20251120,1
101296,20260115,1
101296,20251023,1
101296,20260213,2
101296,20260313,2
101296,20251017,2
101296,20260102,2
101296,20251226,2
101296,20251128,2
101296,20251031,1
101296,20251121,1
101296,20251219,1
101296,20260116,1
101296,20251024,1
101296,20251114,1
101296,20251212,1
101296,20260109,1
101296,20260206,1
101296,20260306,1
101296,20260130,1
101296,20260227,1
101296,20260327,1
101296,20260320,1
101296,20251107,1
101296,20251205,1
101296,20260220,1
101296,20260123,1
98153,20251229,2
98153,20251222,2
98153,20260216,2
98153,20260119,2
98153,20251110,1
98153,20251208,1
98153,20251013,1
98153,20251103,1
98153,20251201,1
98153,20260126,1
98153,20251124,1
98153,20251027,1
98153,20251117,1
98153,20251215,1
98153,20260316,1
98153,20260112,1
98153,20260209,1
98153,20251020,1
98153,20260309,1
98153,20260105,1
98153,20260202,1
98153,20260302,1
98153,20260223,1
98153,20260323,1
98153,20251111,2
98153,20251230,2
98153,20251223,2
98153,20260217,2
98153,20260324,1
98153,20251014,1
98153,20251104,1
98153,20251202,1
98153,20260127,1
98153,20251125,1
98153,20260120,1
98153,20251028,1
98153,20251118,1
98153,20251216,1
98153,20260317,1
98153,20260113,1
98153,20260210,1
98153,20251021,1
98153,20251209,1
98153,20260310,1
98153,20260203,1
98153,20260106,1
98153,20260303,1
98153,20260224,1
98153,20251231,2
98153,20251126,2
98153,20251224,2
98153,20260218,2
98153,20260128,1
98153,20260225,1
98153,20260325,1
98153,20251112,1
98153,20251015,1
98153,20251105,1
98153,20251203,1
98153,20260121,1
98153,20251029,1
98153,20251217,1
98153,20251119,1
98153,20260318,1
98153,20260211,1
98153,20260114,1
98153,20251022,1
98153,20251210,1
98153,20260311,1
98153,20260204,1
98153,20260107,1
98153,20260304,1
98153,20260101,2
98153,20251225,2
98153,20251127,2
98153,20260219,2
98153,20251211,1
98153,20260312,1
98153,20260108,1
98153,20260205,1
98153,20260305,1
98153,20260129,1
98153,20260226,1
98153,20260326,1
98153,20260319,1
98153,20251113,1
98153,20251016,1
98153,20251106,1
98153,20251204,1
98153,20260122,1
98153,20251030,1
98153,20251218,1
98153,20251120,1
98153,20260212,1
98153,20260115,1
98153,20251023,1
98153,20260227,2
98153,20260102,2
98153,20251226,2
98153,20251128,2
98153,20260220,2
98153,20251031,1
98153,20251121,1
98153,20251219,1
98153,20260116,1
98153,20260213,1
98153,20251024,1
98153,20251114,1
98153,20251212,1
98153,20260313,1
98153,20260109,1
98153,20260206,1
98153,20260306,1
98153,20260130,1
98153,20260327,1
98153,20260320,1
98153,20251017,1
98153,20251107,1
98153,20251205,1
98153,20260123,1
95095,20251103,2
95095,20251229,2
95095,20251222,2
95095,20251124,2
95095,20260216,2
95095,20260119,2
95095,20251110,1
95095,20251208,1
95095,20251013,1
95095,20251201,1
95095,20260126,1
95095,20251027,1
95095,20251117,1
95095,20251215,1
95095,20260316,1
95095,20260112,1
95095,20260209,1
95095,20251020,1
95095,20260309,1
95095,20260105,1
95095,20260202,1
95095,20260302,1
95095,20260223,1
95095,20260323,1
95095,20251111,2
95095,20251230,2
95095,20251125,2
95095,20251223,2
95095,20260217,2
95095,20260120,2
95095,20260324,1
95095,20251014,1
95095,20251104,1
95095,20251202,1
95095,20260127,1
95095,20251028,1
95095,20251118,1
95095,20251216,1
95095,20260317,1
95095,20260113,1
95095,20260210,1
95095,20251021,1
95095,20251209,1
95095,20260203,1
95095,20260310,1
95095,20260106,1
95095,20260303,1
95095,20260224,1
95095,20251231,2
95095,20251126,2
95095,20251224,2
95095,20260218,2
95095,20260128,1
95095,20260225,1
95095,20260325,1
95095,20251112,1
95095,20251015,1
95095,20251105,1
95095,20251203,1
95095,20260121,1
95095,20251029,1
95095,20251217,1
95095,20251119,1
95095,20260318,1
95095,20260211,1
95095,20260114,1
95095,20251022,1
95095,20251210,1
95095,20260311,1
95095,20260204,1
95095,20260107,1
95095,20260304,1
95095,20260101,2
95095,20251225,2
95095,20251127,2
95095,20260219,2
95095,20251211,1
95095,20260312,1
95095,20260108,1
95095,20260205,1
95095,20260305,1
95095,20260129,1
95095,20260226,1
95095,20260326,1
95095,20260319,1
95095,20251113,1
95095,20251016,1
95095,20251106,1
95095,20251204,1
95095,20260122,1
95095,20251030,1
95095,20251218,1
95095,20251120,1
95095,20260212,1
95095,20260115,1
95095,20251023,1
95095,20260227,2
95095,20260102,2
95095,20251226,2
95095,20251128,2
95095,20260220,2
95095,20251031,1
95095,20251121,1
95095,20251219,1
95095,20260116,1
95095,20260213,1
95095,20251024,1
95095,20251114,1
95095,20251212,1
95095,20260313,1
95095,20260109,1
95095,20260206,1
95095,20260306,1
95095,20260130,1
95095,20260320,1
95095,20251017,1
95095,20251107,1
95095,20251205,1
95095,20260123,1
94108,20251229,2
94108,20251222,2
94108,20260216,2
94108,20260119,2
94108,20251110,1
94108,20251208,1
94108,20251103,1
94108,20251201,1
94108,20260126,1
94108,20251124,1
94108,20251027,1
94108,20251117,1
94108,20251215,1
94108,20260316,1
94108,20260112,1
94108,20260209,1
94108,20260309,1
94108,20260105,1
94108,20260202,1
94108,20260302,1
94108,20260223,1
94108,20260323,1
94108,20251111,2
94108,20251230,2
94108,20251223,2
94108,20260324,1
94108,20251104,1
94108,20251202,1
94108,20260127,1
94108,20251125,1
94108,20260120,1
94108,20260217,1
94108,20251028,1
94108,20251118,1
94108,20251216,1
94108,20260317,1
94108,20260113,1
94108,20260210,1
94108,20251209,1
94108,20260203,1
94108,20260310,1
94108,20260106,1
94108,20260303,1
94108,20260224,1
94108,20251231,2
94108,20251224,2
94108,20260128,1
94108,20260225,1
94108,20260325,1
94108,20251112,1
94108,20251105,1
94108,20251203,1
94108,20251126,1
94108,20260121,1
94108,20260218,1
94108,20251029,1
94108,20251217,1
94108,20251119,1
94108,20260318,1
94108,20260211,1
94108,20260114,1
94108,20251210,1
94108,20260311,1
94108,20260204,1
94108,20260107,1
94108,20260304,1
94108,20260101,2
94108,20251225,2
94108,20251127,2
94108,20260212,2
94108,20251211,1
94108,20260312,1
94108,20260108,1
94108,20260205,1
94108,20260305,1
94108,20260129,1
94108,20260226,1
94108,20260326,1
94108,20260319,1
94108,20251113,1
94108,20251106,1
94108,20251204,1
94108,20260219,1
94108,20260122,1
94108,20251030,1
94108,20251218,1
94108,20251120,1
94108,20260115,1
94108,20260213,2
94108,20260313,2
94108,20260102,2
94108,20251226,2
94108,20251128,2
94108,20260227,1
94108,20251219,1
94108,20251205,1
94108,20251212,1
94108,20260206,1
94108,20260123,1
94108,20260130,1
94108,20251121,1
94108,20260116,1
94108,20251107,1
94108,20260327,1
94108,20251114,1
94108,20260109,1
94108,20260320,1
94108,20260306,1
94108,20251031,1
94108,20260220,1
89713,20251229,2
89713,20251222,2
89713,20260216,2
89713,20260119,2
89713,20251110,1
89713,20251208,1
89713,20251103,1
89713,20251201,1
89713,20260126,1
89713,20251124,1
89713,20251027,1
89713,20251117,1
89713,20251215,1
89713,20260316,1
89713,20260112,1
89713,20260209,1
89713,20260309,1
89713,20260105,1
89713,20260202,1
89713,20260302,1
89713,20260223,1
89713,20260323,1
89713,20251111,2
89713,20251230,2
89713,20251223,2
89713,20260217,2
89713,20260324,1
89713,20251104,1
89713,20251202,1
89713,20260127,1
89713,20251125,1
89713,20260120,1
89713,20251028,1
89713,20251118,1
89713,20251216,1
89713,20260317,1
89713,20260113,1
89713,20260210,1
89713,20251209,1
89713,20260203,1
89713,20260310,1
89713,20260106,1
89713,20260303,1
89713,20260224,1
89713,20251231,2
89713,20251126,2
89713,20251224,2
89713,20260218,2
89713,20260128,1
89713,20260225,1
89713,20260325,1
89713,20251112,1
89713,20251105,1
89713,20251203,1
89713,20260121,1
89713,20251029,1
89713,20251217,1
89713,20251119,1
89713,20260211,1
89713,20260318,1
89713,20260114,1
89713,20251210,1
89713,20260204,1
89713,20260311,1
89713,20260107,1
89713,20260304,1
89713,20260101,2
89713,20251225,2
89713,20251127,2
89713,20260219,2
89713,20251211,1
89713,20260312,1
89713,20260108,1
89713,20260205,1
89713,20260305,1
89713,20260129,1
89713,20260226,1
89713,20260326,1
89713,20260319,1
89713,20251113,1
89713,20251106,1
89713,20251204,1
89713,20260122,1
89713,20251030,1
89713,20251218,1
89713,20251120,1
89713,20260212,1
89713,20260115,1
89713,20260227,2
89713,20260102,2
89713,20251226,2
89713,20251128,2
89713,20260220,2
89713,20251219,1
89713,20260213,1
89713,20251205,1
89713,20251212,1
89713,20260206,1
89713,20260123,1
89713,20260130,1
89713,20251121,1
89713,20260116,1
89713,20251107,1
89713,20260327,1
89713,20251114,1
89713,20260109,1
89713,20260313,1
89713,20260320,1
89713,20260306,1
89713,20251031,1
86655,20251103,2
86655,20251229,2
86655,20251222,2
86655,20251124,2
86655,20260216,2
86655,20260119,2
86655,20260223,1
86655,20251215,1
86655,20260209,1
86655,20251201,1
86655,20260126,1
86655,20260202,1
86655,20251110,1
86655,20251117,1
86655,20260112,1
86655,20260316,1
86655,20260323,1
86655,20260105,1
86655,20260309,1
86655,20260302,1
86655,20251027,1
86655,20251208,1
86655,20251111,2
86655,20251230,2
86655,20251125,2
86655,20251223,2
86655,20260120,2
86655,20260217,2
86655,20260106,1
86655,20260310,1
86655,20260303,1
86655,20251028,1
86655,20260224,1
86655,20251216,1
86655,20260210,1
86655,20251202,1
86655,20251209,1
86655,20260127,1
86655,20260203,1
86655,20251118,1
86655,20260113,1
86655,20251104,1
86655,20260317,1
86655,20260324,1
86655,20251231,2
86655,20251126,2
86655,20251224,2
86655,20260218,2
86655,20260128,1
86655,20260225,1
86655,20260325,1
86655,20251112,1
86655,20251105,1
86655,20251203,1
86655,20260121,1
86655,20251029,1
86655,20251217,1
86655,20251119,1
86655,20260211,1
86655,20260318,1
86655,20260114,1
86655,20251210,1
86655,20260204,1
86655,20260311,1
86655,20260107,1
86655,20260304,1
86655,20260101,2
86655,20251225,2
86655,20251127,2
86655,20260219,2
86655,20251211,1
86655,20260312,1
86655,20260108,1
86655,20260205,1
86655,20260305,1
86655,20260129,1
86655,20260226,1
86655,20260326,1
86655,20260319,1
86655,20251113,1
86655,20251106,1
86655,20251204,1
86655,20260122,1
86655,20251030,1
86655,20251218,1
86655,20251120,1
86655,20260212,1
86655,20260115,1
86655,20260227,2
86655,20260102,2
86655,20251226,2
86655,20251128,2
86655,20260220,2
86655,20251219,1
86655,20260213,1
86655,20251205,1
86655,20251212,1
86655,20260206,1
86655,20260123,1
86655,20260130,1
86655,20251121,1
86655,20260116,1
86655,20251107,1
86655,20251114,1
86655,20260109,1
86655,20260313,1
86655,20260320,1
86655,20260306,1
86655,20251031,1
82414,20251229,2
82414,20251222,2
82414,20260216,2
82414,20260119,2
82414,20251110,1
82414,20251208,1
82414,20251013,1
82414,20251103,1
82414,20251201,1
82414,20260126,1
82414,20251124,1
82414,20251027,1
82414,20251117,1
82414,20251215,1
82414,20260316,1
82414,20260112,1
82414,20260209,1
82414,20251020,1
82414,20260309,1
82414,20260105,1
82414,20260202,1
82414,20260302,1
82414,20260223,1
82414,20260323,1
82414,20251111,2
82414,20251230,2
82414,20251223,2
82414,20260324,1
82414,20251014,1
82414,20251104,1
82414,20251202,1
82414,20260127,1
82414,20251125,1
82414,20260120,1
82414,20260217,1
82414,20251028,1
82414,20251118,1
82414,20251216,1
82414,20260317,1
82414,20260113,1
82414,20260210,1
82414,20251021,1
82414,20251209,1
82414,20260310,1
82414,20260203,1
82414,20260106,1
82414,20260303,1
82414,20260224,1
82414,20260101,2
82414,20251225,2
82414,20251127,2
82414,20260212,2
82414,20251211,1
82414,20260312,1
82414,20260108,1
82414,20260205,1
82414,20260305,1
82414,20260129,1
82414,20260226,1
82414,20260326,1
82414,20260319,1
82414,20251113,1
82414,20251016,1
82414,20251106,1
82414,20251204,1
82414,20260219,1
82414,20260122,1
82414,20251030,1
82414,20251218,1
82414,20251120,1
82414,20260115,1
82414,20251023,1
82414,20260213,2
82414,20260313,2
82414,20251017,2
82414,20260102,2
82414,20251226,2
82414,20251128,2
82414,20251031,1
82414,20251121,1
82414,20251219,1
82414,20260116,1
82414,20251024,1
82414,20251114,1
82414,20251212,1
82414,20260109,1
82414,20260206,1
82414,20260306,1
82414,20260130,1
82414,20260227,1
82414,20260327,1
82414,20260320,1
82414,20251107,1
82414,20251205,1
82414,20260220,1
82414,20260123,1
81671,20251229,2
81671,20251222,2
81671,20260216,2
81671,20260119,2
81671,20251110,1
81671,20251208,1
81671,20251013,1
81671,20251103,1
81671,20251201,1
81671,20260126,1
81671,20251124,1
81671,20251027,1
81671,20251117,1
81671,20251215,1
81671,20260316,1
81671,20260112,1
81671,20260209,1
81671,20251020,1
81671,20260309,1
81671,20260105,1
81671,20260202,1
81671,20260302,1
81671,20260223,1
81671,20260323,1
81671,20251111,2
81671,20251230,2
81671,20251223,2
81671,20260217,2
81671,20260324,1
81671,20251014,1
81671,20251104,1
81671,20251202,1
81671,20260127,1
81671,20251125,1
81671,20260120,1
81671,20251028,1
81671,20251118,1
81671,20251216,1
81671,20260317,1
81671,20260113,1
81671,20260210,1
81671,20251021,1
81671,20251209,1
81671,20260310,1
81671,20260203,1
81671,20260106,1
81671,20260303,1
81671,20260224,1
81671,20260101,2
81671,20251225,2
81671,20251127,2
81671,20260219,2
81671,20251211,1
81671,20260312,1
81671,20260108,1
81671,20260205,1
81671,20260305,1
81671,20260129,1
81671,20260226,1
81671,20260326,1
81671,20260319,1
81671,20251113,1
81671,20251016,1
81671,20251106,1
81671,20251204,1
81671,20260122,1
81671,20251030,1
81671,20251218,1
81671,20251120,1
81671,20260212,1
81671,20260115,1
81671,20251023,1
81671,20251219,2
81671,20260102,2
81671,20251226,2
81671,20251128,2
81671,20260220,2
81671,20251031,1
81671,20251121,1
81671,20260116,1
81671,20260213,1
81671,20251024,1
81671,20251114,1
81671,20251212,1
81671,20260313,1
81671,20260109,1
81671,20260206,1
81671,20260306,1
81671,20260130,1
81671,20260227,1
81671,20260327,1
81671,20260320,1
81671,20251017,1
81671,20251107,1
81671,20251205,1
81671,20260123,1
76657,20251229,2
76657,20251222,2
76657,20260216,2
76657,20260119,2
76657,20251110,1
76657,20251208,1
76657,20251103,1
76657,20251201,1
76657,20260126,1
76657,20251124,1
76657,20251027,1
76657,20251117,1
76657,20251215,1
76657,20260316,1
76657,20260112,1
76657,20260209,1
76657,20260309,1
76657,20260105,1
76657,20260202,1
76657,20260302,1
76657,20260223,1
76657,20260323,1
76657,20251111,2
76657,20251230,2
76657,20251223,2
76657,20260324,1
76657,20251104,1
76657,20251202,1
76657,20260127,1
76657,20251125,1
76657,20260120,1
76657,20260217,1
76657,20251028,1
76657,20251118,1
76657,20251216,1
76657,20260317,1
76657,20260113,1
76657,20260210,1
76657,20251209,1
76657,20260203,1
76657,20260310,1
76657,20260106,1
76657,20260303,1
76657,20260224,1
76657,20260101,2
76657,20251225,2
76657,20251127,2
76657,20260212,2
76657,20251211,1
76657,20260312,1
76657,20260108,1
76657,20260205,1
76657,20260305,1
76657,20260129,1
76657,20260226,1
76657,20260326,1
76657,20260319,1
76657,20251113,1
76657,20251106,1
76657,20251204,1
76657,20260219,1
76657,20260122,1
76657,20251030,1
76657,20251218,1
76657,20251120,1
76657,20260115,1
76657,20260213,2
76657,20260313,2
76657,20260102,2
76657,20251226,2
76657,20251128,2
76657,20260227,1
76657,20251219,1
76657,20251205,1
76657,20251212,1
76657,20260206,1
76657,20260123,1
76657,20260130,1
76657,20251121,1
76657,20260116,1
76657,20251107,1
76657,20260327,1
76657,20251114,1
76657,20260109,1
76657,20260320,1
76657,20260306,1
76657,20251031,1
76657,20260220,1
74662,20251229,2
74662,20251222,2
74662,20260216,2
74662,20260119,2
74662,20251110,1
74662,20251208,1
74662,20251103,1
74662,20251201,1
74662,20260126,1
74662,20251124,1
74662,20251027,1
74662,20251117,1
74662,20251215,1
74662,20260316,1
74662,20260112,1
74662,20260209,1
74662,20260309,1
74662,20260105,1
74662,20260202,1
74662,20260302,1
74662,20260223,1
74662,20260323,1
74662,20251111,2
74662,20251230,2
74662,20251223,2
74662,20260217,2
74662,20260324,1
74662,20251104,1
74662,20251202,1
74662,20260127,1
74662,20251125,1
74662,20260120,1
74662,20251028,1
74662,20251118,1
74662,20251216,1
74662,20260317,1
74662,20260113,1
74662,20260210,1
74662,20251209,1
74662,20260203,1
74662,20260310,1
74662,20260106,1
74662,20260303,1
74662,20260224,1
74662,20260101,2
74662,20251225,2
74662,20251127,2
74662,20260219,2
74662,20251211,1
74662,20260312,1
74662,20260108,1
74662,20260205,1
74662,20260305,1
74662,20260129,1
74662,20260226,1
74662,20260326,1
74662,20260319,1
74662,20251113,1
74662,20251106,1
74662,20251204,1
74662,20260122,1
74662,20251030,1
74662,20251218,1
74662,20251120,1
74662,20260212,1
74662,20260115,1
74662,20251219,2
74662,20260102,2
74662,20251226,2
74662,20251128,2
74662,20260220,2
74662,20260227,1
74662,20260213,1
74662,20251205,1
74662,20251212,1
74662,20260206,1
74662,20260123,1
74662,20260130,1
74662,20251121,1
74662,20251107,1
74662,20260116,1
74662,20260327,1
74662,20251114,1
74662,20260109,1
74662,20260313,1
74662,20260320,1
74662,20260306,1
74662,20251031,1
36306,20251110,2
36306,20251208,2
36306,20251103,2
36306,20251201,2
36306,20260126,2
36306,20251124,2
36306,20251117,2
36306,20251215,2
36306,20260316,2
36306,20260112,2
36306,20260209,2
36306,20260309,2
36306,20260105,2
36306,20260202,2
36306,20260302,2
36306,20260223,2
36306,20260323,2
36306,20260216,1
36306,20251229,1
36306,20251222,1
36306,20260119,1
36306,20260324,2
36306,20251104,2
36306,20251202,2
36306,20260127,2
36306,20251125,2
36306,20260120,2
36306,20260217,2
36306,20251118,2
36306,20251216,2
36306,20260317,2
36306,20260113,2
36306,20260210,2
36306,20251209,2
36306,20260310,2
36306,20260203,2
36306,20260106,2
36306,20260303,2
36306,20260224,2
36306,20251223,1
36306,20251230,1
36306,20251111,1
36306,20251211,2
36306,20260312,2
36306,20260108,2
36306,20260205,2
36306,20260305,2
36306,20260129,2
36306,20260226,2
36306,20260319,2
36306,20251113,2
36306,20251106,2
36306,20251204,2
36306,20260101,2
36306,20251225,2
36306,20251127,2
36306,20260219,2
36306,20260122,2
36306,20251030,2
36306,20251218,2
36306,20251120,2
36306,20260115,2
36306,20260212,1
36306,20251031,2
36306,20251121,2
36306,20251219,2
36306,20260116,2
36306,20251114,2
36306,20251212,2
36306,20260109,2
36306,20260206,2
36306,20260306,2
36306,20260130,2
36306,20260227,2
36306,20260320,2
36306,20251107,2
36306,20251205,2
36306,20260220,2
36306,20260123,2
36306,20251128,1
36306,20260102,1
36306,20260313,1
36306,20260213,1
36306,20251226,1
30435,20251110,2
30435,20251208,2
30435,20251103,2
30435,20251229,2
30435,20251201,2
30435,20260126,2
30435,20251222,2
30435,20251124,2
30435,20251027,2
30435,20251117,2
30435,20251215,2
30435,20260316,2
30435,20260112,2
30435,20260209,2
30435,20260309,2
30435,20260105,2
30435,20260202,2
30435,20260302,2
30435,20260223,2
30435,20260216,1
30435,20260119,1
30435,20251031,2
30435,20251121,2
30435,20251219,2
30435,20260116,2
30435,20260213,2
30435,20251114,2
30435,20251212,2
30435,20260313,2
30435,20260109,2
30435,20260206,2
30435,20260306,2
30435,20260130,2
30435,20260227,2
30435,20260320,2
30435,20251107,2
30435,20260102,2
30435,20251205,2
30435,20251226,2
30435,20260220,2
30435,20260123,2
30435,20251128,1
30154,20251110,2
30154,20251208,2
30154,20251103,2
30154,20251229,2
30154,20251201,2
30154,20260126,2
30154,20251222,2
30154,20251124,2
30154,20251027,2
30154,20251117,2
30154,20251215,2
30154,20260316,2
30154,20260112,2
30154,20260209,2
30154,20251020,2
30154,20260309,2
30154,20260105,2
30154,20260202,2
30154,20260302,2
30154,20260223,2
30154,20260216,1
30154,20260119,1
30154,20251211,2
30154,20260312,2
30154,20260108,2
30154,20260205,2
30154,20260305,2
30154,20260129,2
30154,20260226,2
30154,20260319,2
30154,20251113,2
30154,20251106,2
30154,20251204,2
30154,20260219,2
30154,20260122,2
30154,20251030,2
30154,20251218,2
30154,20251120,2
30154,20260212,2
30154,20260115,2
30154,20251023,2
30154,20251225,1
30154,20251127,1
30154,20260101,1
29887,20251110,2
29887,20251208,2
29887,20251103,2
29887,20251229,2
29887,20251201,2
29887,20260126,2
29887,20251222,2
29887,20251124,2
29887,20251027,2
29887,20251117,2
29887,20251215,2
29887,20260316,2
29887,20260112,2
29887,20260209,2
29887,20260309,2
29887,20260105,2
29887,20260202,2
29887,20260302,2
29887,20260223,2
29887,20260216,1
29887,20260119,1
29887,20251211,2
29887,20260312,2
29887,20260108,2
29887,20260205,2
29887,20260305,2
29887,20260129,2
29887,20260226,2
29887,20260319,2
29887,20251113,2
29887,20251106,2
29887,20251204,2
29887,20260219,2
29887,20260122,2
29887,20251030,2
29887,20251218,2
29887,20251120,2
29887,20260212,2
29887,20260115,2
29887,20251225,1
29887,20251127,1
29887,20260101,1
27624,20251110,2
27624,20251208,2
27624,20251103,2
27624,20251229,2
27624,20251201,2
27624,20260126,2
27624,20251222,2
27624,20251124,2
27624,20251027,2
27624,20251117,2
27624,20251215,2
27624,20260316,2
27624,20260112,2
27624,20260209,2
27624,20251020,2
27624,20260309,2
27624,20260105,2
27624,20260202,2
27624,20260302,2
27624,20260223,2
27624,20260216,1
27624,20260119,1
27624,20251211,2
27624,20260312,2
27624,20260108,2
27624,20260205,2
27624,20260305,2
27624,20260129,2
27624,20260226,2
27624,20260319,2
27624,20251113,2
27624,20251106,2
27624,20251204,2
27624,20251225,2
27624,20251127,2
27624,20260219,2
27624,20260122,2
27624,20251030,2
27624,20251218,2
27624,20251120,2
27624,20260212,2
27624,20260115,2
27624,20251023,2
27624,20260101,1
27357,20251110,2
27357,20251208,2
27357,20251103,2
27357,20251229,2
27357,20251201,2
27357,20260126,2
27357,20251222,2
27357,20251124,2
27357,20251027,2
27357,20251117,2
27357,20251215,2
27357,20260316,2
27357,20260112,2
27357,20260209,2
27357,20260309,2
27357,20260105,2
27357,20260202,2
27357,20260302,2
27357,20260223,2
27357,20260216,1
27357,20260119,1
27357,20251211,2
27357,20260312,2
27357,20260108,2
27357,20260205,2
27357,20260305,2
27357,20260129,2
27357,20260226,2
27357,20260319,2
27357,20251113,2
27357,20251106,2
27357,20251204,2
27357,20251225,2
27357,20251127,2
27357,20260219,2
27357,20260122,2
27357,20251030,2
27357,20251218,2
27357,20251120,2
27357,20260212,2
27357,20260115,2
27357,20260101,1
26730,20251211,2
26730,20260312,2
26730,20260108,2
26730,20260205,2
26730,20260305,2
26730,20260129,2
26730,20260226,2
26730,20260319,2
26730,20251113,2
26730,20251106,2
26730,20251204,2
26730,20260219,2
26730,20260122,2
26730,20251030,2
26730,20251218,2
26730,20251120,2
26730,20260212,2
26730,20260115,2
26730,20251023,2
26730,20251225,1
26730,20251127,1
26730,20260101,1
26463,20251211,2
26463,20260312,2
26463,20260108,2
26463,20260205,2
26463,20260305,2
26463,20260129,2
26463,20260226,2
26463,20260319,2
26463,20251113,2
26463,20251106,2
26463,20251204,2
26463,20260219,2
26463,20260122,2
26463,20251030,2
26463,20251218,2
26463,20251120,2
26463,20260212,2
26463,20260115,2
26463,20251225,1
26463,20251127,1
26463,20260101,1
26308,20251110,2
26308,20251208,2
26308,20251201,2
26308,20260126,2
26308,20251117,2
26308,20251215,2
26308,20260316,2
26308,20260112,2
26308,20260209,2
26308,20260309,2
26308,20260105,2
26308,20260202,2
26308,20260302,2
26308,20260223,2
26308,20260323,2
26308,20251124,1
26308,20260216,1
26308,20251229,1
26308,20251222,1
26308,20251103,1
26308,20260119,1
26308,20260324,2
26308,20251104,2
26308,20251202,2
26308,20260127,2
26308,20251118,2
26308,20251216,2
26308,20260317,2
26308,20260113,2
26308,20260210,2
26308,20251209,2
26308,20260310,2
26308,20260203,2
26308,20260106,2
26308,20260303,2
26308,20260224,2
26308,20251223,1
26308,20260120,1
26308,20251125,1
26308,20260217,1
26308,20251230,1
26308,20251111,1
26308,20260128,2
26308,20260225,2
26308,20260325,2
26308,20251112,2
26308,20251105,2
26308,20251203,2
26308,20260121,2
26308,20251217,2
26308,20251119,2
26308,20260318,2
26308,20260211,2
26308,20260114,2
26308,20251210,2
26308,20260311,2
26308,20260204,2
26308,20260107,2
26308,20260304,2
26308,20251126,1
26308,20260218,1
26308,20251231,1
26308,20251224,1
26308,20251211,2
26308,20260312,2
26308,20260108,2
26308,20260205,2
26308,20260305,2
26308,20260129,2
26308,20260226,2
26308,20260326,2
26308,20260319,2
26308,20251113,2
26308,20251106,2
26308,20251204,2
26308,20260101,2
26308,20251225,2
26308,20251127,2
26308,20260122,2
26308,20251218,2
26308,20251120,2
26308,20260212,2
26308,20260115,2
26308,20260219,1
26308,20251121,2
26308,20251219,2
26308,20260116,2
26308,20260213,2
26308,20251114,2
26308,20251212,2
26308,20260313,2
26308,20260109,2
26308,20260206,2
26308,20260306,2
26308,20260130,2
26308,20260320,2
26308,20251107,2
26308,20251205,2
26308,20260123,2
26308,20251128,1
26308,20260327,1
26308,20260227,1
26308,20260220,1
26308,20260102,1
26308,20251226,1
23250,20260223,2
23250,20251215,2
23250,20260209,2
23250,20251201,2
23250,20260126,2
23250,20260202,2
23250,20251124,2
23250,20251117,2
23250,20260112,2
23250,20260105,2
23250,20251208,2
23250,20260216,1
23250,20251229,1
23250,20251222,1
23250,20260119,1
23250,20260106,2
23250,20260224,2
23250,20251216,2
23250,20260210,2
23250,20251202,2
23250,20251209,2
23250,20260127,2
23250,20260203,2
23250,20251125,2
23250,20260120,2
23250,20251118,2
23250,20260113,2
23250,20251223,1
23250,20260217,1
23250,20251230,1
23250,20251111,1
23250,20251119,2
23250,20260114,2
23250,20260107,2
23250,20260225,2
23250,20251217,2
23250,20260211,2
23250,20251203,2
23250,20251210,2
23250,20260204,2
23250,20260121,2
23250,20251112,2
23250,20260128,2
23250,20251126,1
23250,20260218,1
23250,20251231,1
23250,20251224,1
23250,20260205,2
23250,20251127,2
23250,20260122,2
23250,20251113,2
23250,20260129,2
23250,20251120,2
23250,20260115,2
23250,20260101,2
23250,20260108,2
23250,20251225,2
23250,20260226,2
23250,20251218,2
23250,20260212,2
23250,20251204,2
23250,20251211,2
23250,20260219,1
23250,20251219,2
23250,20260213,2
23250,20251205,2
23250,20251212,2
23250,20260206,2
23250,20260123,2
23250,20260130,2
23250,20251121,2
23250,20260116,2
23250,20251114,2
23250,20260109,2
23250,20251128,1
23250,20260227,1
23250,20260220,1
23250,20260102,1
23250,20251226,1
19075,20251231,2
19075,20251224,2
19075,20260218,2
19075,20260128,1
19075,20260225,1
19075,20260325,1
19075,20251112,1
19075,20251015,1
19075,20251105,1
19075,20251203,1
19075,20251126,1
19075,20260121,1
19075,20251029,1
19075,20251217,1
19075,20251119,1
19075,20260318,1
19075,20260211,1
19075,20260114,1
19075,20251022,1
19075,20251210,1
19075,20260311,1
19075,20260204,1
19075,20260107,1
19075,20260304,1
19075,20251031,2
19075,20251121,2
19075,20260213,2
19075,20260116,2
19075,20251024,2
19075,20251114,2
19075,20251212,2
19075,20260313,2
19075,20260109,2
19075,20260206,2
19075,20260306,2
19075,20260130,2
19075,20260227,2
19075,20260320,2
19075,20251017,2
19075,20251107,2
19075,20260102,2
19075,20251205,2
19075,20251226,2
19075,20251128,2
19075,20260220,2
19075,20260123,2
19075,20251219,1
18855,20260223,2
18855,20251215,2
18855,20260209,2
18855,20251201,2
18855,20260126,2
18855,20260202,2
18855,20251124,2
18855,20251117,2
18855,20260112,2
18855,20260105,2
18855,20260309,2
18855,20260302,2
18855,20251208,2
18855,20260216,1
18855,20251229,1
18855,20251222,1
18855,20260119,1
18855,20251202,2
18855,20260127,2
18855,20251125,2
18855,20260120,2
18855,20260217,2
18855,20251118,2
18855,20251216,2
18855,20260113,2
18855,20260210,2
18855,20251209,2
18855,20260310,2
18855,20260203,2
18855,20260106,2
18855,20260303,2
18855,20260224,2
18855,20251223,1
18855,20251230,1
18855,20251111,1
18855,20260128,2
18855,20260225,2
18855,20251112,2
18855,20251203,2
18855,20251126,2
18855,20260121,2
18855,20260218,2
18855,20251217,2
18855,20251119,2
18855,20260211,2
18855,20260114,2
18855,20251210,2
18855,20260311,2
18855,20260204,2
18855,20260107,2
18855,20260304,2
18855,20251231,1
18855,20251224,1
18855,20251211,2
18855,20260312,2
18855,20260108,2
18855,20260205,2
18855,20260305,2
18855,20260129,2
18855,20260226,2
18855,20251113,2
18855,20251204,2
18855,20260101,2
18855,20251225,2
18855,20251127,2
18855,20260219,2
18855,20260122,2
18855,20251218,2
18855,20251120,2
18855,20260115,2
18855,20260212,1
18855,20251121,2
18855,20251219,2
18855,20260116,2
18855,20251114,2
18855,20251212,2
18855,20260109,2
18855,20260206,2
18855,20260306,2
18855,20260130,2
18855,20260227,2
18855,20251205,2
18855,20260220,2
18855,20260123,2
18855,20251128,1
18855,20260102,1
18855,20260313,1
18855,20260213,1
18855,20251226,1
17644,20251231,2
17644,20251224,2
17644,20260218,2
17644,20260128,1
17644,20260225,1
17644,20260325,1
17644,20251112,1
17644,20251105,1
17644,20251203,1
17644,20251126,1
17644,20260121,1
17644,20251029,1
17644,20251217,1
17644,20251119,1
17644,20260318,1
17644,20260211,1
17644,20260114,1
17644,20251210,1
17644,20260204,1
17644,20260311,1
17644,20260107,1
17644,20260304,1
17644,20251031,2
17644,20251121,2
17644,20260116,2
17644,20260213,2
17644,20251114,2
17644,20251212,2
17644,20260313,2
17644,20260109,2
17644,20260206,2
17644,20260306,2
17644,20260130,2
17644,20260227,2
17644,20260320,2
17644,20251107,2
17644,20260102,2
17644,20251205,2
17644,20251226,2
17644,20251128,2
17644,20260220,2
17644,20260123,2
17644,20251219,1
17337,20251231,2
17337,20251126,2
17337,20251224,2
17337,20260128,1
17337,20260225,1
17337,20260325,1
17337,20251112,1
17337,20251015,1
17337,20251105,1
17337,20251203,1
17337,20260121,1
17337,20260218,1
17337,20251029,1
17337,20251217,1
17337,20251119,1
17337,20260318,1
17337,20260211,1
17337,20260114,1
17337,20251022,1
17337,20251210,1
17337,20260311,1
17337,20260204,1
17337,20260107,1
17337,20260304,1
15906,20251231,2
15906,20251126,2
15906,20251224,2
15906,20260128,1
15906,20260225,1
15906,20260325,1
15906,20251112,1
15906,20251105,1
15906,20251203,1
15906,20260121,1
15906,20260218,1
15906,20251029,1
15906,20251217,1
15906,20251119,1
15906,20260318,1
15906,20260211,1
15906,20260114,1
15906,20251210,1
15906,20260204,1
15906,20260311,1
15906,20260107,1
15906,20260304,1
7188,20251017,2
7188,20251024,1
5757,20251017,2
5757,20251024,1
